"Site_number";"Agrostis_capillaris";"Anthoxanthum_odoratum";"Calluna_vulgaris";"Carex_pilulifera";"Danthonia_decumbens";"Deschampsia_flexuosa";"Festuca_ovina";"Festuca_rubra";"Galium_saxatile";"Hypnum_cupressiforme";"Luzula_campestris";"Nardus_stricta";"Pleurozium_schreberi";"Potentilla_erecta";"Pseudoscleropodium_purum";"Rhytidiadelphus_squarrosus"
"BE708";13;0;19;2;13;0;15;0;0;27;2;11;4;16;7;0
"BE709";14;0;18;10;14;0;4;5;0;42;0;0;0;17;2;0
"BE710";22;0;11;7;21;0;4;20;0;14;1;7;0;19;21;0
"BE711";24;5;12;1;0;0;5;20;0;20;18;11;0;0;17;7
"BE712";22;0;11;0;0;7;8;2;0;26;27;0;0;0;17;6
"BE713";8;4;11;14;15;0;0;0;0;24;4;10;10;25;24;12
"BE714";18;7;21;3;19;12;23;8;0;0;15;7;38;11;5;5
"BE715";27;3;10;18;10;17;4;8;8;23;7;0;18;14;14;17
"BE716";29;0;19;6;3;1;0;7;0;16;20;0;0;12;20;9
"DK717";19;0;5;0;0;38;15;7;15;22;5;0;20;9;9;0
"DK719";10;0;12;0;0;18;3;27;26;5;16;0;28;23;15;0
"DK720";13;0;15;9;0;31;20;5;19;5;9;0;6;0;0;0
"FR701";20;20;0;20;37;4;0;29;0;0;18;0;3;0;19;0
"FR702";37;35;0;0;2;0;0;0;0;0;19;0;1;19;19;0
"FR703";24;6;1;2;29;0;0;22;0;3;16;0;0;0;16;0
"FR704";9;10;12;13;19;0;0;23;0;4;11;0;0;6;7;0
"FR705";25;16;0;0;28;0;0;13;0;15;0;0;0;10;10;0
"FR706";1;0;25;13;11;0;0;10;0;13;0;0;0;20;9;0
"FR707";0;3;24;8;9;17;0;12;2;7;2;0;0;19;4;1
"FR708";28;21;0;3;17;8;0;30;0;0;10;0;0;22;15;22
"FR709";5;0;12;11;10;10;0;25;3;0;0;0;2;13;5;9
"FR710";0;0;18;10;3;2;0;6;0;28;1;0;0;12;20;0
"FR711";8;0;6;10;10;6;0;19;0;10;4;0;6;18;16;7
"FR712";29;10;1;9;14;0;0;12;7;0;15;27;4;27;18;22
"FR713";20;5;3;10;12;0;0;32;5;0;16;12;1;36;18;3
"FR714";20;0;2;5;16;0;0;18;30;0;13;32;9;24;26;17
"FR715";17;0;0;4;20;0;0;22;0;0;15;23;0;13;18;22
"FR716";20;19;3;0;12;0;27;18;0;0;25;0;8;0;4;17
"FR717";23;13;5;0;12;1;7;3;0;0;20;0;0;0;14;7
"FR718";5;3;25;4;6;0;32;2;0;7;17;27;16;6;0;0
"FR719";10;6;0;0;0;0;12;21;0;0;24;0;0;0;1;1
"FR720";4;20;0;1;2;0;0;20;0;0;23;0;0;0;0;2
"FR721";26;28;7;9;7;0;15;0;0;0;10;0;2;32;4;7
"FR722";6;1;10;17;33;0;8;0;5;9;0;5;8;14;19;0
"FR723";23;1;4;0;19;0;24;0;0;12;0;0;4;0;16;0
"FR724";28;14;0;1;9;0;0;7;8;5;10;2;0;24;15;12
"FR725";7;4;1;1;16;0;0;4;0;12;2;0;0;11;0;0
"GE705";16;0;2;10;0;23;0;0;15;22;4;33;29;0;0;12
"GE706";2;0;3;10;0;20;25;0;15;27;4;31;30;0;0;0
"GE707";15;0;0;8;0;20;20;5;16;18;4;32;31;0;0;21
"GE708";11;0;15;8;0;24;29;0;19;25;2;31;22;0;0;0
"GE709";22;0;2;3;0;12;0;0;10;22;7;38;5;0;0;20
"GE710";17;0;4;4;2;21;18;0;9;4;13;13;31;0;0;10
"GE711";21;0;0;0;0;0;28;12;0;0;1;0;11;0;0;36
"GE712";11;0;0;4;0;34;0;19;16;0;0;27;8;1;0;39
"GE713";3;0;13;11;0;16;0;0;10;0;0;37;0;0;0;5
"GE714";27;10;0;0;0;0;0;37;13;0;11;0;4;14;0;31
"GE715";17;0;0;5;0;20;0;19;22;0;6;32;0;13;0;0
"GE716";11;0;18;13;6;27;19;0;14;20;0;33;12;0;0;0
"NL701";35;4;5;9;0;5;8;3;0;28;16;0;15;0;0;0
"NL702";29;0;0;0;0;6;12;28;0;0;12;0;0;0;30;25
"NL703";5;0;22;14;10;2;6;8;12;15;0;7;12;1;4;8
"NL704";12;0;20;16;1;17;13;5;12;28;8;0;12;15;5;0
"NL705";11;0;11;0;0;19;16;1;0;15;0;15;18;0;4;0
"NL706";5;0;3;6;0;38;23;0;18;36;8;0;13;5;0;0
"NL707";20;4;1;0;0;9;0;24;0;15;21;0;0;0;24;9
"NW717";29;8;15;10;20;8;9;9;0;20;8;15;3;15;4;2
"NW718";25;16;0;1;10;17;0;28;3;11;3;3;11;13;12;19
"NW719";31;22;0;0;0;12;0;26;0;3;1;0;2;12;0;44
"NW720";24;17;0;2;6;9;0;2;21;23;2;25;0;12;0;33
"NW721";0;16;0;0;0;0;0;13;14;9;0;0;0;1;0;38
"NW722";27;26;3;0;3;17;0;11;11;0;5;7;19;22;0;15
"NW723";24;2;11;0;0;15;0;0;3;0;0;8;3;26;0;5
"NW724";41;22;0;2;0;15;0;9;15;4;14;0;15;18;8;42
"NW725";31;18;2;4;2;3;0;0;0;0;8;25;2;16;0;42
"SE701";21;0;13;19;11;9;36;0;25;3;9;2;6;8;0;0
"SE702";30;9;18;20;15;23;3;0;26;12;9;1;8;16;2;10
"SE703";19;7;9;14;6;27;8;0;25;11;15;4;21;15;0;22
"SE704";19;19;17;10;5;16;6;21;14;1;21;0;8;8;0;23
"UK701";21;28;18;0;2;0;26;0;5;1;7;17;14;13;1;10
"UK702";33;23;8;0;2;2;25;0;16;4;11;0;15;14;0;12
"UK703";27;9;0;0;0;0;23;0;10;1;1;0;0;13;1;15
"UK704";31;24;0;0;0;0;22;0;9;2;11;23;0;15;3;16
"UK705";26;21;0;5;6;0;30;0;14;0;11;4;7;14;4;11
"UK706";25;21;1;0;1;0;38;0;16;1;4;0;0;14;17;0
"UK707";30;23;0;0;0;0;30;0;13;4;7;0;0;2;0;20
"UK708";20;19;19;14;2;0;28;0;11;2;9;8;0;15;1;24
"UK709";33;24;0;0;0;0;13;12;3;0;14;0;0;0;0;20
"UK710";27;22;0;0;0;0;29;0;7;1;7;15;1;6;10;21
"UK711";22;20;13;5;7;0;22;0;0;0;2;12;20;15;8;19
"UK712";30;16;3;0;5;0;18;0;16;1;9;16;19;15;5;16
"UK713";28;19;2;0;0;0;9;0;20;1;4;17;21;10;5;13
"UK714";24;20;6;5;0;0;23;0;7;1;3;19;17;15;8;17
"UK715";32;25;0;0;0;0;28;0;15;4;9;1;0;13;0;8
"UK716";31;18;15;0;0;21;21;0;18;7;6;15;2;13;0;13
"UK717";31;15;6;0;1;0;15;0;7;1;5;3;0;14;3;17
"UK718";36;25;0;0;7;0;25;0;10;0;5;6;13;16;7;11
"UK719";22;20;1;4;0;5;25;0;9;4;4;0;0;13;17;7
"UK720";31;3;0;0;0;0;14;0;6;0;7;0;0;7;3;17
